\ File written by HiGHS .lp file handler
min
 obj: +28.2809709045947 x1 +15.8937392206368 x2 +17.3951922771499 x3 +10.9866801926339 x4 +18.6959687364735 x5 +1 x6 
st
 con1lo: +1 x1 >= +0
 con1up: +1 x1 <= +4
 con2lo: +1 x2 >= +0
 con2up: +1 x2 <= +4
 con3lo: +1 x3 >= +0
 con3up: +1 x3 <= +4
 con4lo: +1 x4 >= +0
 con4up: +1 x4 <= +4
 con5lo: +1 x5 >= +0
 con5up: +1 x5 <= +4
 con6lo: +1 x1 +1 x2 +1 x3 +1 x4 +1 x5 >= +0
 con6up: +1 x1 +1 x2 +1 x3 +1 x4 +1 x5 <= +8
 con7lo: +0.4017004801434 x1 -1 x6 >= -10000000000
 con7up: +0.4017004801434 x1 -1 x6 <= +0
 con8lo: +0.227442299820223 x2 -1 x6 >= -10000000000
 con8up: +0.227442299820223 x2 -1 x6 <= +0
 con9lo: +0.561639154963959 x3 -1 x6 >= -10000000000
 con9up: +0.561639154963959 x3 -1 x6 <= +0
 con10lo: +0.46020575988116 x4 -1 x6 >= -10000000000
 con10up: +0.46020575988116 x4 -1 x6 <= +0
 con11lo: +0.901209342294004 x5 -1 x6 >= -10000000000
 con11up: +0.901209342294004 x5 -1 x6 <= +0
 con12: +1 x1 = +1
 con13: +1 x2 = +1
 con14: +1 x3 = +1
 con15: +1 x4 = +1
 con16: +1 x5 = +1
bounds
 0 <= x1 <= 1
 0 <= x2 <= 1
 0 <= x3 <= 1
 0 <= x4 <= 1
 0 <= x5 <= 1
 0 <= x6 <= 10000000000
end
